0.92
1008.07
997.99
1010.56
1113.34
1092.06
1043.93
1058.55
1050.24
1017.83
1021.74
975.31
1027.43
1009.99
1007.42
970.56
998.99
996.07
988.78
981.78
949.37
989.33
993.89
984.80
972.52
986.34
995.28
979.35
980.28
955.67
986.16
978.16
972.47
954.26
978.84
980.13
987.27
985.80
960.60
984.30
981.72
983.91
961.70
981.07
982.42
979.47
989.39
976.07
996.59
979.91
989.63
960.86
973.17
977.80
973.95
980.19
960.74
973.60
975.51
972.85
957.05
967.47
984.44
991.12
990.93
956.63
986.08
982.27
987.95
959.17
980.95
987.31
990.05
986.92
953.25
923.73
927.46
918.34
884.67
902.47
916.80
923.20
917.69
887.34
933.32
928.31
932.19
888.76
926.43
932.72
933.40
930.97
884.16
929.74
938.99
927.55
888.85
932.78
933.54
936.32
922.83
894.16
924.53
920.19
918.12
886.59
917.33
917.74
918.17
918.91
903.18
926.79
900.20
928.42
907.62
925.17
935.62
928.89
933.11
