0.67
1049.23
1135.92
1161.2
1149.57
1116.94
1058.84
1018.14
995.95
965.11
943.41
944.75
947.27
944.87
928.46
931.41
943.2
936.13
946.76
932.44
918.38
910.45
934.5
930.59
962.56
927.67
929.18
901.35
892.3
891.31
894.5
897.62
895.85
902.09
890.29
885.2
894.54
907.72
898.22
901.45
896.26
910.38
898.67
907.88
914.43
907.09
918.15
906.37
928.42
908.7
911.81
911.44
903.74
920.68
894.52
889.38
857.19
852.33
856.32
859.44
850.56
839.98
828.98
845.57
841.26
848.36
869.49
884.54
875.12
859.31
850.31
866.07
852.92
862.9
879.2
887.9
891.36
924.91
941.34
903.89
893.59
892.94
883.48
870.66
878.76
875.83
880.48
877.36
876.01
883.92
892.11
892.17
897.21
898.45
900.08
899.44
895.35
884.56
871.22
894.73
890.38
930.09
927.2
920.95
937.65
924.99
915.74
925.19
909.48
885.5
864.68
885.54
882.12
859.87
860.67
888
905.82
906
882.72
893.82
895.64
878.51
926.97
916.77
881.8
891.76
886.24
880.84
870.48
867.53
875.37
865.94
885.61
873.26
869.05
869.98
875.86
884.9
896.74
893.09
903.83
895.77
917
931.91
950.33
954.09
943.08
887.88
871.52
880.22
879.93
872.67
904.42
896.34
886.79
875.06
870.72
881.34
875.74
873.5
887.23
872.32
879.73
863.7
861.6
842.73
865.46
880.31
880.65
894.89
882.16
878.61
880.12
868.8
877.92
873.61
889.38
857.12
870.28
