0.89
1027.21
1162.16
1161.22
1163.49
1130.15
1093.96
1033.5
971.5
967.71
972.8
965
972.78
954.79
934.06
943.83
960.82
952.12
949.27
935.57
934.51
936.75
968.86
967.48
971.88
932.87
934.01
908.91
902.07
900.57
908.7
913.18
913.23
912.08
913.87
902.91
929.73
924.81
929.69
912.85
921.89
918.96
909.26
913.07
922.03
916.14
911.04
922.98
927.09
915.28
924.92
903.79
927.35
906.16
916.98
905.31
902.54
904.61
910.71
903.46
900.95
885.71
899.63
887.24
909.07
923.52
934.96
916.65
873.6
867.16
870
867.67
878.19
876.06
879.65
916.8
938.44
939.7
923.64
900.28
907.09
881.2
891.84
900.79
892.36
894.81
894.76
890.77
900.54
902.84
909.67
903.81
920.83
914.45
914.79
894.24
888.13
907.65
924.23
924.27
938.21
931.42
930.06
938.74
918.04
923.27
922.36
890.77
872.42
892.16
895.06
871.84
877.41
902.71
918.81
907.18
896.62
921.77
905.19
903.53
936.5
918.51
898.97
890.61
895.33
896.08
876.74
878.4
881.69
886.65
892.83
899.14
892.13
882.12
887.74
904.96
915.58
913.64
903.1
919.88
937.91
948.66
954.98
943.81
930.43
901.33
912.53
892.26
873.11
897.09
907.93
894.25
875.44
896.62
888.58
889.05
889.44
887.22
875.21
874.55
880.88
890.19
862.95
861.31
882.17
883.08
901.48
893.4
886.94
882.15
891.92
884.91
882.54
893.5
875.56
877.48
870.42
878.26
883.57
