0.92
119.32
107.98
97.95
93.78
91.42
89.94
88.4
87.04
85.8
84.94
84.95
84.85
84.06
83.76
83.52
83.11
81.65
81.37
81.2
80.94
80.99
80.56
80.5
80
79.82
79.89
79.6
79.56
79.63
79.36
79.45
79.22
79.39
79.28
79.33
79.3
79.3
79.41
79.34
79.27
79.38
79.24
79.28
78.88
79.09
78.78
79.12
79.22
79.13
79.07
79.13
79.13
78.87
78.99
78.94
79.02
78.8
78.96
78.64
78.23
77.99
78.44
78.23
78.18
77.48
77.63
77.62
77.64
77.74
76.87
76.96
76.98
76.77
76.75
77.03
76.84
76.85
76.78
76.8
76.68
76.79
76.57
76.53
76.08
76
75.91
76.04
76.15
76.28
75.52
75.27
75.33
75.36
75.36
75.3
75.22
75.23
75.28
75.17
75.14
75.23
75.31
75.36
75.14
75.16
75.01
75.21
74.98
75.05
75.16
75.43
74.69
73.57
73.61
73.73
73.56
73.55
73.78
73.53
73.52
73.58
73.46
73.41
73.65
73.53
73.27
72.87
73.73
73.53
73.61
73.62
73.78
73.74
73.36
73.61
73.7
73.69
73.73
73.6
73.76
73.63
73.44
73.8
73.79
73.76
73.76
73.82
73.67
73.57
73.37
73.39
73.42
73.43
73.3
73.3
73.53
73.25
73.46
73.44
73.36
73.37
73.42
73.54
73.62
73.43
73.53
73.14
72.76
72.99
73.01
73.18
73.05
73.04
72.67
72.92
73.1
73.01
70.96
