0.63
1057.78
1130.76
1115.36
1038.41
1008.05
920.37
914.39
870.62
854.89
823.65
819.19
818.41
828.44
819.24
798.35
800.09
797.98
799.89
789.36
786.37
791.97
782.45
773.23
774.68
795.4
786.86
802.55
802.21
791.9
798.52
785.22
769.74
772.71
769.47
768.07
774.16
770.27
766.77
762.22
755.32
758.94
770.86
770.9
779.16
766.83
760.14
782.4
772.73
765.76
779.52
786
782.5
799.04
771.83
783.93
778.76
782.06
779.26
778.58
763.8
776.42
772.43
769.11
768.08
759.22
752.05
765.42
769.04
761.58
755.65
750.38
742.64
746.65
747.97
760.62
773.13
782.95
775.9
781.17
763.72
758.69
736.4
736.79
743.48
756.94
746
757.15
764.89
775.58
767.89
777.18
775.76
760.22
762.26
742.71
751.35
763.99
778.56
753.89
763.23
763.82
765.92
774.16
763.73
767.28
769.03
772.7
759.99
776.55
762.52
758.69
760.92
755.79
767.03
767.4
777.64
775.8
785.15
790.26
788.32
784.69
775.81
777.09
783.57
776.92
766.84
745.75
758.19
758.18
760.46
750.65
754.12
766.46
775.33
780.7
765.26
750.31
770.99
761.58
755.54
783.91
778.13
764.08
750.88
752.23
763.32
755.11
751.89
751.63
749.31
752.95
749.09
753.58
761.07
750.96
750.24
740.76
761.12
773.76
786.97
790.12
796.83
785.5
779.46
794.16
793.22
794.42
794.85
790.23
771.36
755.19
764.46
759.95
749.35
749.83
763.3
766.11
759.08
