0.91
572.68
474.7
434.16
410.15
391.44
383.09
378.38
373.62
367.31
366.72
363.8
360.26
358.48
355.94
354.43
350.55
347.67
351.15
351.48
350.21
350.13
347.47
345.81
344.39
345.86
345.02
343.97
342.25
340.95
342.04
342.11
342.12
341.68
342.56
342.48
341.19
341.87
340.12
338.13
339.01
338.59
339
339.73
341.04
339.15
340.72
338.75
337.98
339.02
339.33
341.7
340.67
342.08
340.78
340.11
341.99
341.19
340.41
340.41
341.66
343.05
340.13
344.49
344.38
341.91
342.7
343.21
346.79
347.99
346.65
344.71
347.77
348.83
350.64
349.99
350.16
347.7
350.82
351.43
355.29
355.01
352.79
354.98
355.52
352.99
348.58
348.21
352.42
350.41
346.51
347.34
348.3
347.61
349.26
350.63
350.46
350.2
351.41
354.11
353.68
352.69
354.11
352.82
355.58
355.09
355.6
356.18
357.46
355.22
350.69
353.53
355.04
356.7
356.04
356.14
354.03
353.08
351.78
350.09
346.44
348.88
347.8
349.68
350.42
349.53
346.52
346.4
346.99
346.38
347.86
348.1
348.11
346.36
349.34
346.44
349.49
352.57
349.87
347.65
349.26
348.05
348.56
348.16
350.92
351.19
352.61
353.07
350.64
348.57
349.2
349.42
350.47
351.42
352.02
351.75
352.31
351.31
352.16
354.66
354.64
353.19
354.47
352.04
350.07
352.48
353.77
353.73
352.07
350.67
349.94
348.91
351.55
353.19
351.53
347.85
348.81
348.05
346.79
