0.93
1053
1111.56
1126.75
1170.88
1171.99
1134.53
1107.2
1082.66
1072.18
1055.69
1071.63
1050.07
1041.72
1043.4
1037.72
1029.36
1021.78
1015.29
1016.32
993.31
978.16
979.22
984.6
977.07
974.08
960.84
967.08
965.99
965.24
954.3
916.66
955.56
958.34
957.85
966.04
972.91
965.64
969.82
969.36
967.26
965.97
945.69
953.14
934.78
947.67
958.96
940.12
959.85
968.17
971.69
967.08
964.34
957.5
953.87
969.61
962.63
958.06
952.81
954.81
950.09
961.93
964.97
974.94
967.7
961.69
966.8
965.31
969.01
969.91
964.47
969.48
969.56
976.12
966.19
976.47
971.61
964.74
967.68
975.41
968.49
969.89
973.42
980.96
980.66
978.39
980.35
986.39
981.2
981.16
977.35
977.81
975.3
981.66
979.57
988.64
984.21
985.14
974.03
977.48
982.64
959.03
962.25
970.23
962.13
968.86
970.24
975.22
983.13
977.52
979.25
981.24
975.86
975.13
974.86
973.74
970.82
978.71
970.16
970.89
961.98
