0.92
284.85
227.75
208.71
198.38
193.35
189.68
188.2
186.41
184.02
182.23
181.95
180.7
180.57
180.09
179.11
178.74
178.83
178.31
177.44
177.46
176.71
175.86
176.16
175.87
175.62
175.42
173.97
174.17
173.9
173.62
173.94
173.58
173.29
173.5
172.92
172.48
172.48
172.59
173.07
172.28
171.68
171.2
171.2
171.14
170.62
171.09
170.77
171.12
170.62
170.86
170.34
170.74
170.58
170.52
170.71
170.14
170.33
169.55
170.08
169.76
169.92
170.35
169.58
170.16
169.75
168.73
168.3
167.72
167.68
168.56
167.92
167.77
167.39
167.35
166.87
167.42
166.87
166.74
166.19
166.4
166.79
166.55
166.67
166.6
166.52
166.3
166.33
166.36
166.7
166.02
166.43
165.87
165.47
165.76
165.61
164.9
165.08
165.72
165.3
165.63
164.39
164.88
165.05
164.59
164.72
164.25
164.36
165.06
164.7
164.66
164.66
164.88
164.39
164.59
164.11
164.67
164.96
164.45
164.89
164.88
165.08
164.94
164.57
165.43
165.1
165.81
165.15
164.66
165.11
165.08
165.52
165.81
165.49
164.92
165.16
165.91
165.64
165.42
164.1
164.11
163.89
163.9
164.21
164.65
164.56
164.25
165.2
165.41
165.3
164.74
164.62
165.08
164.8
163.96
164.66
164.56
165.2
166.23
166.34
166.4
166.42
166.51
166.35
167.03
167.39
167.77
168.71
167.56
168.33
168.42
169.24
168.64
169.05
168.87
169.28
169.82
170.58
169.46
