0.67
1063.71
1136.13
1115.36
1162.35
1162.78
1136.29
1098.83
1084.99
1064.44
1060.81
1073.82
1060.54
1047.03
1049
1040.43
1033.11
1025.8
1011.56
1016.31
1022.17
1030.32
1032.24
1033.92
1023.93
1015.08
1005.34
1010.92
1011.61
1004.34
1005.7
1003.69
1007.61
1009.72
1009.88
1023.92
1006.49
1016.43
1013.44
1018.93
1015.93
1016.95
1018.07
1019.84
1023.77
995.81
977.35
970.28
977.29
964.12
965.48
964.91
959.83
969.18
967.5
964.52
958.28
959.51
959.3
960.54
973.72
973.48
976.95
972.39
970.4
970.74
970.46
969.39
969.12
971.88
978.06
981.25
975.53
973.04
979.28
971.95
969.1
974.56
975.6
979.54
983.67
984.91
988.83
981.06
984.11
971.27
988.77
981.68
979.46
973.61
982.55
976.86
978.89
986.12
987.55
989.96
974.73
971.62
977.6
977.11
968.84
969.33
972.94
968.98
978.62
981.27
985.15
977.85
985.49
983.94
982.47
980.15
979.16
975.09
979.45
980.53
974.79
970.91
966.84
962.45
961.07
961.05
963.83
966.82
969.18
974.84
972.62
969.76
981.54
984.15
993.68
989.49
984.51
994.78
994.71
988.94
983.52
976.5
980.72
979.74
979.61
969.9
976.38
972.75
979.98
961.85
966.2
963.75
971.22
964.46
960.23
968.83
974.45
965.51
974.45
968.76
967.31
972.19
968.44
968.3
987.8
963.1
973.04
962.32
970.53
977.86
966.73
968.67
981.3
974.42
976.91
968.15
973.79
975.51
967.2
967
967.97
964.82
972.49
