0.65
1063.68
1145.91
1158.92
1131.56
1101.85
997.86
933.08
901.61
873.98
846.82
861.48
864.74
873.06
854.22
843.96
846.39
840.29
824.83
828.91
823.79
817.82
818.71
823.62
827.55
819.67
826.2
829.06
809.49
822.93
812.58
800.15
796.28
795.24
789.43
798.49
784.67
788.79
797.56
795.89
800.6
813.18
814.33
807.05
798.02
809.73
796.28
794.57
806.08
812.55
822.81
818.72
806.98
813.51
814.83
825.26
820.68
808.85
807
808.95
805.86
803.02
788.69
787.67
791.96
795.1
792.2
786.23
770.62
770.73
785.26
774.58
784.1
811.23
821.76
817.95
804.91
791.26
789.28
782.42
783.85
802.32
812.34
810.57
809.47
824.88
834.33
841.34
832.43
825.34
815.31
805.55
816.22
839.17
842.36
842.4
843.29
854.51
855.97
863.44
846.73
856.43
869.31
876.61
856.56
853.34
838.59
835.84
812.48
760.96
824.45
686.4
723.86
739.78
760.38
793.48
798.32
792.36
788.5
790.35
772.4
757.26
772.96
771.41
775.19
770.93
782.52
787.29
795.78
803.19
794.91
802.59
800.53
792.49
795.66
802.82
791.7
768.38
773.27
768.56
782.2
786.28
776.7
760.99
752.97
762.51
771.16
770.57
777.63
772.53
792.3
800.84
815.81
821.93
820.26
820.17
824.45
830.11
833.6
823.7
816.24
819.86
821.25
801.64
789.05
780.14
775.83
769.91
778.87
795.79
786.57
773.22
787.23
779.18
787.7
784.28
784.18
774.28
772.05
