0.87
103.48
93.57
93.87
94.11
93.76
93.69
94.35
93.9
94.17
94.09
94.33
94.75
93.75
94.17
93.6
93.7
93.71
93.74
93.91
93.98
94.31
94.2
93.97
93.83
93.74
94.02
93.84
93.78
93.83
93.66
95.13
94.01
93.6
94.14
93.99
93.69
93.85
93.9
93.71
94
93.84
94.31
93.57
94.49
93.8
93.96
94.01
93.63
93.99
93.86
93.52
94.08
93.59
94.27
93.79
94.29
93.8
94.26
94.01
94.56
93.5
94
93.95
94.24
94
93.91
93.78
94.22
93.74
93.41
93.35
93.31
93.94
93.53
93.97
94.4
94.44
93.79
94.13
94.07
93.91
94.28
93.83
93.73
93.98
93.96
94.07
94.11
93.93
93.76
93.99
94.24
93.96
93.7
94.14
93.91
93.71
93.7
93.92
93.82
94.11
94.06
93.47
94.09
94.15
93.44
93.61
93.95
93.8
94.18
94.11
93.68
94.35
93.68
94.17
94.24
93.71
94.38
93.72
93.83
93.53
93.37
93.71
93.84
94.27
94.01
93.72
94.27
93.46
93.55
94.19
93.92
93.43
94.07
93.91
93.52
94.23
93.74
93.88
94.32
94.08
93.64
93.8
94.01
93.72
93.97
93.91
93.7
93.81
93.5
93.5
93.73
93.52
93.72
93.79
93.63
93.87
93.8
94.15
93.42
93.64
93.34
93.46
93.75
93.56
93.86
93.99
93.73
93.79
93.89
93.55
94.08
93.59
93.99
94
94.14
93.96
94.73
