0.91
1061.65
1169.97
1179.56
1154.9
1121.86
1080.63
1059.43
1033.27
1002.57
969.68
975.03
976.08
964.56
942.57
933.03
927.06
923.15
932.57
935.25
927.21
870.67
915.72
943.23
931.47
920.5
919.74
917.18
918.44
921.2
916.7
912.33
922.41
918.34
918.38
910.53
909.63
905.26
914.81
910.78
912.18
904.32
909.73
913.52
916.8
920.76
926.19
914.98
889.54
876.21
878.75
883.53
881.73
879.91
901.21
890.11
883.62
887.45
886.17
890.5
896.7
885.26
881.68
879.79
888.84
890.46
901.28
890.07
899.54
900.6
897.26
897.97
901.19
910.79
894.96
888.16
911.12
915.89
914.28
925.76
910.43
910.48
922.16
898.65
914.83
911.62
913.34
910.91
910.92
882.19
902.12
904.43
909.18
902.7
922.84
912.58
906.76
916.25
914.78
900.49
905.38
894.16
896.47
894.95
894.99
898.43
903.85
892.68
890.64
892.41
892.34
882.01
891.35
887.42
889.66
876.58
892.24
886.57
894.67
894.43
881.09
882.57
882.67
867.91
872.82
867.61
855.18
867.15
870.23
861.63
868.76
872.77
870.59
854.04
867.93
860.88
858.49
884.66
881.11
873.05
881.45
871
867.93
871.51
872.56
870.26
874.28
869.73
876.98
863.91
867.35
873.99
872.54
865.5
878.89
869.29
865.07
870.42
872.78
858.37
872.67
872.81
868.98
870.66
885.23
876.16
878.49
883.24
876.66
870.83
882.16
863.8
864.84
879.1
871.7
864.88
883.91
862.08
861.33
